
1309001 1309002  1309003  1309004  1309006  1309007  1309009  1309010  1309011  1309012  1309014  1309016  1309017  1309019  1309022 1309024 1309025 1309026 1309027 1309031 1309032 1309033  1309034  1309035  1309036  1309037  1309041  1309042  1309043  1309044  1309045  1309046  1309047  1209003  1209009  1209025  1209037  1209041


2.91 3.92 3.78 3.17 3.18 2.78 3.21 3.19  3.22  3.15  3.34  3.19  3.34  3.48  2.82  3.33  3.59  3.12  3.07  3.2  3.18  3.16  2.52  3.25  3.09  3.34  3.14  2.69  2.86  3.43  3.08  2.76  2.82  3.02  3.64  3.34  3.86 3.41



3.2 3.91  3.9  3.39  3.09  3.03  2.84  3.27  3.54  3.06  3.31  2.98  3.39  3.66  2.78  3.29  3.3  3.46  3.11  3.4  3.43  3.11  2.74  3.3  3.08  3.67  2.96  2.68  3.16  3.33  3.11  3.06  2.89  2.53  3.84  3.01  3.76 3.21



3.16  3.91  3.91  3.53  3.44  3.58  3.29  3.43  3.62  2.93  3.33  3.36  3.53  3.72  2.92  3.43  3.46  3.71  3.1  3.31  3.54  3.32  2.73  3.29  3.34  3.76  3.12  2.86  3.13  3.71  3.19  2.83  2.88  3.44  3.43  3.31  3.61 3.19

3.22 3.86  3.83  3.5  3.62  3.7  3.35  3.52  3.63  3.16  3.32  3.38  3.44  3.89  3.12  3.64  3.63  3.77  3.45  3.4  3.63  3.62  2.94  3.63  3.07  3.84  3.26  3.15  3.33  3.79  3.5  3.22  3.31  3.35  3.51  3.13  3.79 3.45


3.14 3.83  3.92  3.44  3.47  3.44  3.3  3.39  3.5  3.24  3.29  3.08  3.2  3.83  3.14  3.36  3.51  3.6  3.08  3.44  3.6  3.52  2.98  3.63  3.06  3.76  3.29  3.1  3.29  3.77  3.23  3.08  3.04  3.05  3.5  3.26  3.43  3.12


3.32 3.83  3.79  3.41  3.55  3.6  3.29  3.62  3.73  3.19  3.3  3.16  3.4  3.75  3.15  3.54  3.63  3.86  3.23  3.37  3.69 3.55 3.32  3.72  3.06  3.82  3.34  3.29  3.35  3.76  3.16  3.01  3.14  3.15  3.67  3.37  3.67  2.96

3.25 3.83 3.81 3.57 3.44 3.44 3.33 3.57 3.63 3.04 3.31 3.27 3.36 3.89 3.29 3.63 3.68 3.81 3.1 3.36 3.4 3.57 3.38 3.72 3.23 3.53 3.4 3.48 3.29 3.53 3.57 3.12 3.26 3.42 3.68 3.36 3.81 3.34



